[Internal_1920_1080]
Key_1_1 = 918.73516739
Key_1_2 = 0.0
Key_1_3 = 642.69902197
Key_2_1 = 0.0
Key_2_2 = 919.13339111
Key_2_3 = 370.27915175
Key_3_1 = 0.0
Key_3_2 = 0.0
Key_3_3 = 1.0
